18354372	6.65131178626325
29588794	5.653111292049289
14439858	5.1445138631388545
16891384	4.665281210443936
16665197	4.549502789159305
30392390	4.494920259341598
10224712	4.2935220412909985
14964163	4.254157881252468
22756347	4.22836437006481
18622159	4.214325599372387
18207486	4.124979290179908
17437733	3.8860719978110865
9131212	3.602225750684738
14793506	3.515684985090047
37575697	3.387026699259877
18816704	3.317573379725218
18787342	3.25956697948277
9505092	3.1326180394971743
14956877	3.0242837416008115
14521831	3.0123999253846705
36493	2.923192615620792
12314012	2.883576608262956
64305226	2.7254823693074286
14707949	2.673161737388
9885102	2.5662126941606402
13192	2.565379000385292
75413	2.5555622978135943
20340589	2.52745440043509
13521812	2.4893720905529335
12381352	2.4806216052966192
14526430	2.463671005447395
19767607	2.4491835106164217
6300172	2.4428470560815185
19047395	2.422254206612706
14592505	2.392248365096748
2652621	2.3896555678220466
46817875	2.3855724539607763
7665302	2.2982856748858467
31330843	2.2374181151390076
43245921	2.234875302761793
14232327	2.16599228233099
28694569	2.1368231531232595
27844826	2.130561728030443
9989362	2.0911428896943107
14253068	2.0611291038803756
19231524	2.044525126926601
10718	2.0429242625832558
14917157	2.008295957930386
7799372	1.997261212207377
6186692	1.986164103844203
25803451	1.9591638073325157
14561327	1.9558284637751058
32210119	1.94828213006258
14979481	1.9478626266354695
57274757	1.8880631709471345
5523	1.8581190332770348
21253316	1.8540659388527274
50981929	1.8442251202650368
17028978	1.7865735911764205
26375436	1.7796192145906389
17570479	1.7701790709979832
2165301	1.7554709669202566
14264928	1.752547970507294
14831467	1.7517656804993749
38416429	1.7451623864471912
14099018	1.7451129276305437
17194296	1.730105377617292
14756527	1.6887742570834234
14136760	1.670452542603016
13695272	1.6652965095127001
18920766	1.6558564398437738
19700028	1.6227279426530004
28763568	1.6045684926211834
2930931	1.6030420158058405
645143	1.5771770265419036
15185992	1.5698198582977057
17259695	1.560913985595107
30358977	1.5571076348423958
16123563	1.515778448432684
4994591	1.5082546776393428
40168921	1.50077936751768
23941792	1.4971348708495498
2514731	1.4908048580400646
14206350	1.4840631745755672
14803701	1.4777921658242121
22465579	1.4727118872106075
45603	1.4721493787365034
16168519	1.4466223064810038
5820182	1.4441965585574508
16132186	1.4387820465490222
16832632	1.4235254058148712
14281083	1.4134075734764338
15439395	1.4094049043487757
29938833	1.3941912595182657
14687218	1.3662203723797575
5913032	1.3614893490448594
9696532	1.3523798305541277
16997146	1.3472560979425907
14271877	1.341157297603786
12114542	1.3287048544734716
